$ANSIBLE_VAULT;1.1;AES256
66396635666263383562616265313036656433306231303430316536386531386431333832356536
6437303930663333343162396633643536313262666133310a646662333035393835396234316530
39306136343430653032323330383265616133326366653034653037373461323039613436373563
3036666439613564650a336262366331323934393934303236363135306663373366303563363031
37393465323631316632613164663565343236383739343338346336393038323731646334643963
38666431336433623162366539323763363361326438316662616237646231653330346666396433
62396662643937313330376533646639306538326366353239386465396435363332386630383864
32636664613162346139623064643662373039363762643930316466653230313736626164346637
34313531313566623363323730666634306333616363333635346333393666633461653335616465
35656564373134346535636234326137633663626666643735323964306566333263306466323733
33373131363634393362646363366236313962383663373537346361353761333766346166343839
31643338303361653936373133633661313334623364646634623036303235623934636439633838
63666232653165396132633231396532346664383434656531333438393832613461656434376435
30323430306339636662393136316639396235366266313063616563623061663466623839383036
31626539636364633432306265333832626264363638303761336366626538333161356336326335
33636133376665626566646333316139666662373338333839633339663766656632326664636565
30356134653737633434316134636366633264613364333362653030343231636464363737376639
34366336343333383766303262643338616435383937316137646666366334383764646631633265
36313861353834356634636466633531336533353432346132643133653230366539363431633635
66313664336532376363646365633665373735633161313166613834366566353933393465643738
61383734393466633233383665356130303361663932376132313466313331383961643638653532
35346438656433306232333530616334653862383263353066363436373963613731353338653661
38643064643137376266396336646164336632663037303836653761316433386130343966666363
65376264366231326234656233316466653034343233663361616131656530356464346635396435
63633765313932663763303065316438643837353334313762303032663432626337303338356265
38383437633636636165373166393864646564613362356365623131376131616266646564306161
32353663656432316335313939643038643238623633656464626630636661633931646261313135
66633937393664653435373837643435383637653732633663373231663431373338303966636630
62343231343862646263383134643032626338326363636265346231363638333064383965623231
35653334623262636432366630663938353733636133396531333535373332353430396530383532
33633632326266636333626435346166383830653461393065636430656235333639623935363330
31396131353462333866303137653432373963373861353833303365386233643731653934646139
31643265363038316435643331346132623334343439623032326638363061303738393335373565
66306136616164333638653863383439323538623862383462313166363863613636656436393737
36306562663361303433623137353162383063336662663837323930393136333839383063376435
62653332383265386432623431633332663961643162353833343863666364626161323635313963
33383038383636643537326639306266333332303665396237353261303432336139356331386635
33653966653734623837663462303361643936343465353438363265366162643365373833636537
39303735323833323062643938613562366432353862616131303736333132383336636338383731
65303164626132663166633263303762613235653736626330356534363638333738333830623739
66396462613262346430303764383964306534393432313438643662653166366663633335343332
37663661336535313162376436633565313166663763363232303162626439356439653462366332
36373732383835386532616532343461663539613261363661376235636361643438373765366633
33353461343362313637356666616363393235613861353562386366653262653662373037353735
32613362393035646562656435666333613837383136613533316337343465656664636338303662
39613764326435303737663737653835663263623663346237653266336232373161323365303662
33363066316366616437356562663039336637323735316631343636343861383034313939343037
34363266613563316338653737333536356265353732656436636163353766323266626538306165
35626338323037396437343536303762626161396331386438363434376434653062373163626562
62303063346135653066316238656361303163346635653761316465376663376233636534316530
66373239323365626565623638653132333537646134396463613664613464393136356434336535
38613566333436663963373138653563303765636639646232393235363261363130353138303335
62376638636534343538333234633266373166373339333331396261343862323138313262383663
30333262636236356561363365353338323431383530653233393132373939356432353961396661
61653838653162303162643231376138646166366233356331636661336534306339386530366464
33613933343366396230383638346561333632353735396334326665366636353263373635333662
63343034643361373363363332393233323739353262343566636664633762303163613631316263
36623961366334636435303536373034636637643465653334666332663966363239336531333131
30313232636164346366386637653563333062316533306535303337666539653532396130366664
62393265343638326564383431633734333637306434623863643433333130336236316163656663
33363737633062623366653438353736636663356530653639666637313966636633643938303633
30393439636537393230616665336439623939663432336266363837366331616463323739373839
64643033343231663133343238356362626131616636363636313932613332376264666635373033
30376461346337343665666632336565353137373361663432613933366263653263626234646135
63636539643830323738616234386264353262656538373236326234373264306361666631313561
31383830363233663632343633613138313462306166353931326461316566663639363765653935
32666166346534383437373565363634323466376363373133303038393361333437343832326637
34663930633638313965643464373730666334626562326634326465313661646332636561386666
36656163663465663961313030353633323230353830306231663664303034646162646265633430
39616532623966383235383530313335393137356166366466336561323139303561623461353234
35633966363431356235643430346664613033393938316564643263656666333965663136356263
64333166656163623431316430313532363966393637386338653538616137343036376434343234
33666636643462643764343139353962663936653838343963373666323339303237633137643565
36393333306661633961336462363765356233656664663439666664373461643764346362616664
36616439613533636639353137323635343734626135343464653163613734623533636461653333
34666361616630383532653738383932666230333536643534333066306538376361623762383966
39313732313662636434383064373962356138633466616636366632386338366333643939346665
38313530366466643763643931306262316633633037316634333437373566346165303061326535
65663865343938613039616136643139613432383537316464656632316539623061393335633062
33333262663736316537373965313736336365626361663532383339373661623062636539656266
31346236623737356432326661303165383836326562613362306466356431363465643161316461
31646236353031366635626430363330636535356163636561383330333863393962353466646237
64373331303030323637663433633465393734663334663338373761653330633437633165663737
38303332663633333563616133343566383837643338343938316265656537336162343536636536
38336562376535316630393661626135313134393736333435613438343164356536613266626435
63393830636462323664653962636361653236636436613431363534343630396364353463326465
36396434633534613537653138343338383033633536363164326532373533376437663736356365
35306636633265313137
